=~=~=~=~=~=~=~=~=~=~=~= PuTTY log 2015.10.24 15:55:35 =~=~=~=~=~=~=~=~=~=~=~=

136.230 42597048
136.318 42615764
136.230 42634484
136.318 42653208
136.230 42671924
136.230 42690644
136.230 4270978324
136.230 42597048
136.318 42615764
136.230 42634484
136.318 42653208
136.230 42671924
136.230 42690644
136.230 4270936136.318 100904
136.318 102068
136.230 103224
136.318 104388
136.230 107844
136.230 124484
136.318 141128
136.230 157764
136.318 174408
136.318 191044
136.318 207684
136.318 224328
136.318 240964
136.318 257604
136.230 274244
136.318 290884
136.318 307524
136.318 324168
136.318 340808
136.230 357448
136.318 374084
136.318 390724
136.230 407364
136.318 424004
136.318 440644
136.318 457288
136.230 473928
136.318 490564
136.230 507204
136.318 523844
136.318 540484
136.230 557124
136.230 573764
136.318 590404
136.318 607044
136.318 623684
136.318 640324
136.318 656964
136.318 673604
136.318 690248
136.230 706884
136.318 723524
136.318 740168
136.318 756804
136.230 773444
136.318 790084
136.230 806728
136.230 823364
136.318 840004
136.230 856644
136.318 873284
136.318 889924
136.318 906568
136.230 923204
136.318 939844
136.230 956484
136.318 973124
136.318 989764
136.318 1006404
136.230 1024084
136.318 1041768
136.318 1059444
136.318 1077124
136.318 1094804
136.230 1112488
136.230 1130164
136.318 1147848
136.230 1165524
136.230 1183204
136.230 1200884
136.318 1218572
136.230 1236244
136.230 1253924
136.230 1271604
136.318 1289284
136.318 1306964
136.230 1324644
136.318 1342324
136.318 1360004
136.318 1377684
136.318 1395364
136.318 1413044
136.230 1430728
136.318 1448404
136.318 1466084
136.318 1483764
136.230 1501448
136.318 1519124
136.318 1536808
136.230 1554484
136.230 1572164
136.318 1589848
136.318 1607524
136.230 1625208
136.230 1642884
136.318 1660564
136.230 1678244
136.318 1695928
136.318 1713608
136.230 1731284
136.318 1748964
136.318 1766644
136.318 1784324
136.318 1802008
136.318 1819684
136.318 1837364
136.318 1855044
136.318 1872728
136.318 1890404
136.318 1908088
136.230 1925768
136.230 1943448
136.318 1961124
136.318 1978804
136.230 1996488
136.318 2014168
136.318 2031844
136.230 2049524
136.230 2067204
136.230 2084884
136.318 2102564
136.406 2120248
136.670 2137924
136.934 2155604
137.285 2173288
137.637 2190968
137.900 2208644
138.076 2226324
138.340 2244004
138.691 2261684
139.307 2279364
140.010 2297044
140.889 2314724
141.855 2332404
142.822 2350092
143.789 2367764
144.844 2385444
145.986 2403124
147.129 2420804
148.535 2438488
150.205 2456164
151.875 2473844
153.633 2491528
155.215 2509204
156.797 2526884
158.291 2544564
159.785 2562244
161.279 2579928
162.773 2597604
164.180 2615284
165.586 2632964
167.168 2650644
168.486 2668324
169.893 2686008
171.387 2703684
172.793 2721368
174.111 2739044
175.605 2756724
176.924 2774404
178.330 2792084
179.648 2809768
181.055 2827444
182.373 2845124
183.779 2862804
185.098 2880488
186.416 2898164
187.646 2915848
188.965 2933524
190.283 2951208
191.514 2968884
192.832 2986564
194.150 3004244
195.381 3021924
196.611 3039604
197.930 3057288
199.160 3074964
200.303 3092644
201.621 3110324
202.764 3128008
203.994 3145684
205.137 3163364
206.367 3181044
207.510 3198724
208.652 3216408
209.795 3234088
210.938 3251764
212.080 3269444
213.311 3287124
214.541 3304804
215.859 3322488
217.266 3340164
218.760 3357844
220.342 3375524
222.012 3393204
223.857 3410888
225.703 3428564
227.637 3446244
229.482 3463928
231.416 3481612
233.350 3499284
235.195 3516964
237.041 3534648
238.799 3552324
240.557 3570004
242.314 3587684
244.160 3605364
245.830 3623044
247.588 3640724
249.258 3658408
250.928 3676084
252.422 3693764
253.828 3711444
255.234 3729124
256.553 3746804
257.871 3764484
259.189 3782164
260.596 3799844
261.914 3817524
263.232 3835204
264.551 3852884
265.869 3870564
267.275 3888244
268.682 3905924
270.264 3923604
271.846 3941288
273.691 3958968
275.537 3976648
277.471 3994324
279.492 4012004
281.602 4029684
283.799 4047368
285.996 4065048
288.105 4082724
290.215 4100404
292.236 4118084
294.258 4135764
296.191 4153444
298.037 4171124
299.795 4188804
301.465 4206484
303.047 4224164
304.805 4241844
306.475 4259524
308.320 4277204
310.166 4294884
312.100 4312564
314.033 4330248
316.143 4347928
318.252 4365604
320.449 4383284
322.734 4400964
325.020 4418644
327.305 4436324
329.502 4454004
331.787 4471684
334.072 4489368
336.270 4507044
338.467 4524724
340.576 4542408
342.686 4560084
344.707 4577768
346.641 4595444
348.574 4613132
350.332 4630808
352.090 4648484
353.760 4666164
355.254 4683844
356.660 4701524
358.066 4719204
359.385 4736888
0.615 4752484
1.670 4768084
2.725 4783684
3.691 4799288
4.746 4814884
5.713 4830488
6.680 4846084
7.734 4861684
8.877 4877284
10.020 4893924
11.338 4910564
12.744 4927208
14.238 4943844
15.820 4960484
17.402 4977124
19.248 4993764
21.006 5010404
22.852 5027044
24.873 5043688
26.895 5060324
28.916 5076968
30.937 5093604
32.959 5110244
34.980 5126884
37.090 5143524
39.111 5160168
41.221 5176808
43.242 5193444
45.352 5210084
47.461 5226724
49.570 5243364
51.768 5260008
53.877 5276648
55.986 5293284
58.096 5309928
60.205 5326564
62.402 5343204
64.424 5359844
66.533 5376484
68.467 5393124
70.400 5409768
72.334 5426404
74.180 5443044
75.938 5459684
77.607 5476328
79.277 5492964
80.859 5509604
82.529 5526244
84.199 5542884
85.869 5559528
87.627 5576168
89.385 5592804
91.143 5609444
92.900 5626084
94.746 5642724
96.592 5659364
98.525 5676004
100.283 5693684
102.217 5711364
104.150 5729044
106.084 5746724
107.842 5764408
109.688 5782084
111.445 5799764
113.115 5817444
114.873 5835124
116.543 5852804
118.213 5870484
119.883 5888164
121.553 5905844
123.311 5923524
125.156 5941208
127.178 5958884
129.375 5976564
131.660 5994248
134.033 6011924
136.494 6029604
139.043 6047288
141.592 6064964
144.316 6082644
147.041 6100324
149.766 6118008
152.666 6135684
155.566 6153368
158.379 6171044
161.191 6188724
163.916 6206404
166.553 6224084
169.189 6241764
171.738 6259444
174.111 6277132
176.484 6294804
178.857 6312484
181.143 6330164
183.252 6347844
185.449 6365524
187.471 6383204
189.492 6400884
191.426 6418564
193.359 6436244
195.293 6453924
197.227 6471604
199.160 6489284
201.094 6506964
203.027 6524644
205.049 6542324
207.070 6560004
209.180 6577684
211.289 6595364
213.398 6613044
215.596 6630724
217.881 6648408
219.990 6666088
222.275 6683764
224.561 6701444
226.846 6719124
229.131 6736804
231.504 6754484
233.965 6772164
236.426 6789844
238.887 6807524
241.348 6825204
243.721 6842888
246.094 6860564
248.379 6878244
250.576 6895924
252.686 6913604
254.619 6931284
256.553 6948964
258.486 6966644
260.332 6984324
262.178 7002008
264.023 7019684
265.869 7037364
267.803 7055048
269.736 7072724
271.670 7090404
273.604 7108084
275.449 7125764
277.383 7143444
279.404 7161124
281.426 7178804
283.447 7196484
285.645 7214164
287.930 7231844
290.391 7249524
292.939 7267204
295.664 7284884
298.301 7302564
300.937 7320248
303.662 7337928
306.387 7355604
308.936 7373284
311.660 7390964
314.297 7408652
317.021 7426324
319.658 7444004
322.295 7461688
325.020 7479364
327.656 7497044
330.293 7514724
332.842 7532404
335.391 7550084
337.764 7567764
340.137 7585444
342.422 7603128
344.531 7620804
346.641 7638484
348.574 7656164
350.420 7673844
352.266 7691524
353.936 7709204
355.605 7726884
357.187 7744564
358.594 7762244
0.088 7777848
1.406 7793448
2.725 7809044
3.955 7824648
5.273 7840244
6.592 7855844
7.910 7871444
9.316 7887044
10.635 7903688
12.041 7920324
13.359 7936968
14.590 7953604
15.732 7970244
16.875 7986884
18.018 8003528
19.160 8020168
20.303 8036808
21.445 8053444
22.588 8070084
23.818 8086724
24.961 8103364
26.279 8120004
27.598 8136644
28.916 8153284
30.410 8169924
31.904 8186564
33.662 8203204
35.420 8219848
37.354 8236484
39.375 8253128
41.484 8269768
43.682 8286404
45.967 8303044
48.164 8319688
50.361 8336324
52.646 8352964
54.932 8369604
57.217 8386248
59.414 8402884
61.699 8419524
63.896 8436164
66.006 8452804
68.027 8469448
70.049 8486088
71.982 8502728
74.092 8519364
76.289 8536004
78.486 8552644
80.859 8569284
83.408 8585924
86.045 8602568
88.594 8619204
91.406 8635844
94.131 8652484
96.943 8669128
99.668 8685764
102.393 8703444
105.117 8721124
107.842 8738804
110.391 8756484
112.852 8774164
115.137 8791848
117.422 8809524
119.619 8827208
121.816 8844884
124.014 8862564
126.211 8880248
128.408 8897924
130.518 8915604
132.627 8933284
134.648 8950964
136.758 8968644
138.691 8986324
140.625 9004004
142.559 9021688
144.404 9039364
146.250 9057044
148.008 9074724
149.766 9092404
151.523 9110088
153.193 9127764
154.863 9145448
156.445 9163124
158.115 9180804
159.785 9198484
161.543 9216164
163.213 9233844
164.971 9251524
166.816 9269208
168.662 9286884
170.508 9304568
172.354 9322244
174.287 9339924
176.133 9357604
177.979 9375284
179.824 9392964
181.758 9410644
183.604 9428328
185.537 9446004
187.559 9463684
189.492 9481364
191.514 9499044
193.623 9516724
195.820 9534404
198.018 9552088
200.215 9569764
202.412 9587444
204.697 9605132
206.982 9622804
209.268 9640484
211.553 9658164
213.838 9675844
216.123 9693524
218.145 9711204
219.990 9728884
221.660 9746564
223.154 9764244
224.473 9781924
225.615 9799604
226.758 9817284
227.637 9834968
228.428 9852644
228.955 9870324
229.307 9888008
229.395 9905684
229.307 9923364
229.131 9941044
228.867 9958728
228.691 9976404
228.516 9994088
228.428 10011764
228.340 10030484
228.252 10049204
228.252 10067924
228.252 10086648
228.164 10105364
228.164 10124084
228.252 10142804
228.252 10161524
228.428 10180244
228.604 10198964
228.779 10217684
228.955 10236404
229.131 10255124
229.307 10273844
229.395 10292564
229.570 10311284
229.746 10330004
229.922 10348728
230.098 10367444
230.186 10386164
230.361 10404884
230.537 10423604
230.625 10442324
230.713 10461044
230.801 10479764
230.977 10498484
231.064 10517204
231.152 10535928
231.240 10554644
231.328 10573364
231.416 10592084
231.504 10610808
231.504 10629524
231.592 10648244
231.680 10666964
231.768 10685684
231.768 10704404
231.855 10723128
231.855 10741844
231.855 10760564
231.855 10779284
231.855 10798004
231.943 10816728
231.943 10835444
231.943 10854168
231.943 10872884
231.943 10891604
231.943 10910324
231.943 10929044
231.855 10947764
231.943 10966484
231.855 10985204
231.855 11003924
231.855 11022644
231.855 11041364
231.943 11060088
231.943 11078804
231.855 11097524
231.855 11116244
231.855 11134964
231.855 11153684
231.855 11172404
231.855 11191128
231.855 11209844
231.855 11228568
231.855 11247284
231.855 11266004
231.855 11284724
231.855 11303444
231.768 11322164
231.855 11340884
231.855 11359608
231.855 11378324
231.855 11397044
231.855 11415768
231.855 11434484
231.855 11453204
231.855 11471924
231.855 11490648
231.855 11509368
231.855 11528084
231.855 11546804
231.855 11565524
231.855 11584244
231.768 11602964
231.855 11621688
231.855 11640404
231.855 11659124
231.855 11677844
231.855 11696564
231.855 11715288
231.768 11734004
231.855 11752728
231.855 11771444
231.855 11790164
231.768 11808884
231.855 11827604
231.855 11846324
231.855 11865044
231.855 11883764
231.855 11902484
231.855 11921204
231.855 11939924
231.855 11958648
231.855 11977364
231.855 11996084
231.855 12014804
231.855 12033528
231.855 12052244
231.855 12070964
231.855 12089684
231.855 12108404
231.855 12127124
231.855 12145844
231.855 12164564
231.855 12183284
231.768 12202004
231.855 12220724
231.855 12239444
231.768 12258164
231.855 12276884
231.855 12295604
231.855 12314324
231.855 12333044
231.855 12351764
231.855 12370484
231.855 12389204
231.855 12407928
231.855 12426644
231.855 12445364
231.768 12464084
231.855 12482804
231.855 12501524
231.768 12520244
231.855 12538968
231.855 12557684
231.855 12576404
231.855 12595128
231.855 12613844
231.855 12632568
231.855 12651284
231.855 12670004
231.768 12688724
231.855 12707444
231.855 12726168
231.855 12744884
231.855 12763608
231.855 12782328
231.768 12801048
231.855 12819768
231.855 12838484
231.855 12857204
231.855 12875924
231.855 12894644
231.855 12913364
231.855 12932084
231.855 12950808
231.768 12969524
231.855 12988244
231.855 13006968
231.855 13025684
231.855 13044404
231.855 13063124
231.855 13081848
231.855 13100564
231.855 13119288
231.855 13138004
231.855 13156724
231.855 13175444
231.855 13194164
231.855 13212888
231.855 13231604
231.855 13250324
231.855 13269044
231.855 13287764
231.855 13306488
231.855 13325204
231.768 13343928
231.855 13362644
231.855 13381364
231.768 13400084
231.855 13418804
231.855 13437524
231.855 13456244
231.855 13474964
231.855 13493684
231.855 13512404
231.855 13531124
231.855 13549844
231.855 13568564
231.855 13587288
231.768 13606004
231.855 13624724
231.768 13643444
231.768 13662164
231.855 136808