=~=~=~=~=~=~=~=~=~=~=~= PuTTY log 2015.10.18 15:10:50 =~=~=~=~=~=~=~=~=~=~=~=
57
173.057
173.145
173.145
173.057
173.057
173.232

173.232
173.145
173.145
172.969
173.145
173.232
173.145
173.057
173.057
173.145
173.145
173.057
173.057
173.232
172.178
172.090
172.090
172.354
172.617
172.793
172.969
173.057
173.232
173.320
173.320
173.232
173.145
173.232
173.232
173.232
173.232
173.232
173.145
173.057
173.057
172.969
172.969
172.881
172.969
173.145
173.232
173.232
173.145
173.232
173.320
173.408
173.408
173.320
173.320
173.320
173.408
173.408
173.408
173.408
173.408
173.408
173.408
173.408
173.232
173.232
173.232
173.320
173.320
173.320
173.320
173.320
173.320
173.320
173.320
173.232
173.320
173.320
173.320
173.320
173.320
173.232
173.232
173.232
173.232
173.145
173.057
172.969
172.881
172.881
172.881
172.793
172.793
173.057
173.496
174.199
174.990
175.781
176.396
176.748
176.748
176.660
176.572
176.396
176.221
176.045
175.957
175.781
175.605
175.430
175.166
174.814
174.639
174.199
173.584
172.793
172.090
171.563
171.299
171.123
170.947
171.035
171.123
171.211
171.299
171.387
171.387
171.475
171.387
171.123
170.947
170.771
170.771
170.771
170.771
170.859
170.947
171.123
171.123
171.035
170.947
170.859
170.859
170.859
170.771
170.859
170.859
170.771
170.947
170.859
170.947
171.211
171.299
171.299
171.211
171.035
170.859
170.508
170.156
169.805
169.541
169.453
169.453
169.541
169.541
169.629
169.805
169.893
169.893
169.893
169.893
169.893
169.980
169.980
169.893
169.893
169.980
170.156
170.332
170.244
170.068
169.980
170.156
170.332
170.508
170.596
170.596
170.596
170.508
170.332
170.332
170.332
170.332
170.332
170.332
170.332
170.332
170.332
170.332
170.244
170.244
170.244
170.244
170.244
170.420
170.508
170.684
170.771
170.596
170.332
170.068
169.893
169.893
169.980
170.156
170.332
170.332
170.332
170.332
170.508
170.596
170.684
170.684
170.596
170.596
170.684
170.684
170.596
170.596
170.508
170.508
170.508
170.420
170.332
170.332
170.332
170.332
170.244
170.244
170.244
170.244
170.244
170.244
170.244
170.244
170.244
170.244
170.244
170.244
170.244
170.244
170.244
170.244
170.244
170.244
170.244
170.244
170.244
170.332
170.244
170.244
170.244
170.244
170.244
170.244
170.244
170.332
170.332
170.244
170.244
170.244
170.244
170.244
170.332
170.332
170.332
170.244
170.244
170.332
170.332
170.332
170.332
170.244
170.244
170.332
170.244
170.244
170.244
170.332
170.332
170.332
170.332
170.332
170.332
170.244
170.332
170.332
170.332
170.332
170.332
170.332
170.244
170.332
170.332
170.332
170.332
170.332
170.332
170.332
170.244
170.332
170.332
170.332
170.332
170.332
170.332
170.332
170.332
170.332
170.332
170.332
170.332
170.332
170.332
170.332
170.332
170.332
170.332
170.244
170.244
170.332
170.332
170.332
170.332
170.332
170.332
170.244
170.332
170.332
170.332
170.332
170.244
170.332
170.332
170.332
170.332
170.332
170.332
170.244
170.332
170.332
170.332
170.332
170.332
170.332
170.332
170.332
170.244
170.332
170.332
170.332
170.332
170.244
170.332
170.244
170.244
170.244
170.332
170.244
170.332
170.332
170.332
170.244
170.332
170.332
170.332
170.332
170.332
170.332
170.332
170.332
170.332
170.244
170.332
170.332
170.332
170.332
170.332
170.332
170.332
170.332
170.332
170.332
170.332
170.332
170.332
170.244
170.332
170.332
170.332
170.332
170.332
170.332
170.332
170.332
170.332
170.332
170.332
170.332
170.332
170.332
170.332
170.332
170.332
170.332
170.332
170.332
170.332
170.332
170.332
170.420
170.420
170.420
170.332
170.332
170.332
170.332
170.332
170.420
170.420
170.420
170.420
170.420
170.332
170.420
170.332
170.420
170.332
170.332
170.332
170.420
170.332
170.420
170.332
170.332
170.332
170.420
170.420
170.332
170.332
170.420
170.332
170.332
170.332
170.332
170.332
170.420
170.420
170.420
170.332
170.332
170.420
170.332
170.332
170.332
170.420
170.332
170.332
170.332
170.332
170.332
170.332
170.420
170.420
170.332
170.332
170.332
170.420
170.332
170.420
170.332
170.332
170.332
170.420
170.332
170.420
170.420
170.332
170.332
170.332
170.332
170.332
170.420
170.332
170.332
170.332
170.332
170.332
170.420
170.332
170.332
170.332
170.332
170.332
170.332
170.244
170.332
170.244
170.244
170.244
170.244
170.244
170.244
170.156
170.244
170.156
170.156
170.156
170.156
170.068
170.068
170.068
170.068
170.068
170.068
169.980
169.980
169.980
169.980
169.980
169.980
169.980
169.893
169.893
169.980
169.893
169.893
169.893
169.893
169.893
169.893
169.893
169.805
169.805
169.805
169.805
169.805
169.805
169.805
169.805
169.805
169.805
169.805
169.805
169.805
169.805
169.805
169.805
169.805
169.805
169.805
169.805
169.805
169.805
169.805
169.805
169.805
169.805
169.805
169.805
169.805
169.805
169.805
169.805
169.805
169.805
169.805
169.805
169.805
169.805
169.805
169.805
169.805
169.805
169.805
169.805
169.805
169.805
169.805
169.805
169.805
169.805
169.805
169.805
169.805
169.805
169.805
169.805
169.805
169.805
169.805
169.805
169.805
169.805
169.805
169.805
169.805
169.805
169.805
169.805
169.805
169.805
169.805
169.805
169.805
169.805
169.805
169.805
169.805
169.805
169.805
169.805
169.805
169.805
169.805
169.805
169.805
169.805
169.805
169.805
169.805
169.805
169.805
169.805
169.805
169.805
169.805
169.805
169.805
169.805
169.805
169.805
169.805
169.805
169.805
169.805
169.805
169.805
169.805
169.805
169.805
169.805
169.805
169.805
169.805
169.805
169.805
169.805
169.805
169.805
169.805
169.805
169.805
169.805
169.805
169.805
169.805
169.805
169.805
169.805
169.805
169.805
169.805
169.805
169.805
169.805
169.805
169.805
169.805
169.805
169.805
169.805
169.805
169.805
169.805
169.805
169.805
169.805
169.805
169.805
169.805
169.805
169.893
169.805
169.805
169.805
169.805
169.805
169.805
169.805
169.805
169.805
169.805
169.805
169.805
169.805
169.805
169.805
169.805
169.805
169.805
169.805
169.805
169.893
169.805
169.805
169.805
169.805
169.805
169.805
169.805
169.805
169.805
169.805
169.805
169.893
169.805
169.805
169.805
169.805
169.805
169.805
169.805
169.805
169.805
169.805
169.893
169.805
169.805
169.805
169.805
169.805
169.805
169.893
169.805
169.805
169.805
169.893
169.805
169.805
169.893
169.805
169.805
169.805
169.805
169.805
169.805
169.805
169.805
169.805
169.805
169.805
169.805
169.805
169.805
169.893
169.805
169.805
169.805
169.893
169.805
169.805
169.893
169.805
169.805
169.805
169.805
169.805
169.805
169.805
169.893
169.893
169.805
169.805
169.893
169.893
169.893
169.805
169.805
169.805
169.805
169.805
169.893
169.893
169.805
169.805
169.805
169.805
169.805
169.805
169.893
169.805
169.805
169.893
169.805
169.805
169.805
169.893
169.805
169.805
169.805
169.893
169.893
169.805
169.893
169.893
169.805
169.805
169.805
169.805
169.805
169.805
169.805
169.805
169.805
169.805
169.805
169.805
169.805
169.805
169.805
169.805
169.805
169.805
169.893
169.805
169.893
169.893
169.893
169.805
169.893
169.805
169.893
169.893
169.893
169.805
169.805
169.893
169.893
169.805
169.805
169.805
169.805
169.805
169.893
169.805
169.805
169.805
169.805
169.805
169.893
169.893
169.893
169.893
169.805
169.893
169.805
169.893
169.805
169.805
169.805
169.805
169.805
169.805
169.805
169.893
169.805
169.893
169.805
169.893
169.805
169.893
169.805
169.805
169.893
169.805
169.893
169.893
169.805
169.805
169.893
169.805
169.893
169.805
169.805
169.893
169.893
169.805
169.893
169.893
169.893
169.893
169.805
169.893
169.893
169.805
169.893
169.805
169.805
169.893
169.893
169.805
169.893
169.893
169.805
169.893
169.805
169.805
169.893
169.805
169.893
169.805
169.893
169.805
169.805
169.893
169.805
169.805
169.805
169.805
169.893
169.805
169.893
169.805
169.805
169.893
169.805
169.805
169.893
169.893
169.805
169.893
169.805
169.805
169.805
169.893
169.893
169.805
169.805
169.893
169.805
169.893
169.805
169.805
169.805
169.893
169.805
169.805
169.805
169.893
169.805
169.805
169.805
169.805
169.805
169.805
169.805
169.805
169.805
169.893
169.805
169.893
169.805
169.805
169.893
169.805
169.893
169.805
169.805
169.805
169.805
169.805
169.893
169.805
169.805
169.805
169.893
169.805
169.805
169.893
169.893
169.805
169.805
169.893
169.805
169.893
169.893
169.893
169.893
169.893
169.805
169.805
169.893
169.893
169.805
169.805
169.805
169.805
169.893
169.893
169.805
169.893
169.893
169.805
169.893
169.805
169.893
169.893
169.805
169.805
169.893
169.805
169.805
169.893
169.805
169.893
169.893
169.805
169.805
169.805
169.893
169.893
169.893
169.805
169.893
169.893
169.893
169.805
169.893
169.893
169.805
169.805
169.893
169.805
169.805
169.893
169.805
169.805
169.805
169.805
169.805
169.805
169.717
169.717
169.629
169.629
169.629
169.541
169.541
169.453
169.365
169.365
169.277
169.189
169.102
169.014
169.014
168.838
168.750
168.750
168.574
168.574
168.398
168.398
168.223
168.135
168.047
167.959
167.783
167.783
167.607
167.432
167.344
167.256
167.168
166.992
166.904
166.729
166.641
166.465
166.377
166.289
166.113
166.025
165.938
165.762
165.674
165.586
165.410
165.322
165.146
165.059
164.971
164.795
164.707
164.619
164.443
164.355
164.268
164.092
164.092
163.916
163.828
163.740
163.652
163.564
163.477
163.389
163.301
163.125
163.037
162.949
162.861
162.861
162.773
162.686
162.598
162.510
162.422
162.422
162.334
162.246
162.246
162.158
162.158
162.070
162.070
161.982
161.895
161.895
161.895
161.807
161.807
161.719
161.719
161.719
161.719
161.719
161.631
161.631
161.631
161.631
161.543
161.631
161.631
161.543
161.631
161.631
161.543
161.631
161.631
161.631
161.631
161.631
161.631
161.631
161.631
161.719
161.719
161.719
161.719
161.719
161.719
161.719
161.719
161.719
161.807
161.719
161.719
161.807
161.807
161.807
161.807
161.807
161.895
161.807
161.895
161.807
161.807
161.895
161.895
161.895
161.895
161.895
161.895
161.895
161.895
161.895
161.895
161.895
161.895
161.895
161.895
161.895
161.982
161.895
161.895
161.895
161.895
161.982
161.982
161.982
161.982
161.982
161.982
161.982
161.982
161.982
162.070
161.982
161.982
162.070
162.070
162.070
162.070
162.070
162.070
162.070
162.070
162.070
162.070
162.070
162.070
162.070
162.070
162.070
162.070
162.070
162.070
162.070
162.070
162.070
162.158
162.158
162.158
162.070
162.158
162.158
162.158
162.158
162.158
162.158
162.158
162.158
162.158
162.158
162.158
162.158
162.158
162.158
162.158
162.158
162.158
162.246
162.158
162.246
162.246
162.246
162.246
162.246
162.246
162.246
162.334
162.246
162.334
162.334
162.334
162.334
162.334
162.334
162.334
162.334
162.422
162.422
162.422
162.422
162.422
162.422
162.422
162.422
162.422
162.422
162.422
162.510
162.510
162.510
162.510
162.510
162.510
162.510
162.510
162.510
162.598
162.598
162.598
162.598
162.598
162.598
162.598
162.686
162.686
162.686
162.686
162.686
162.686
162.686
162.686
162.686
162.773
162.773
162.773
162.773
162.773
162.773
162.773
162.773
162.773
162.773
162.861
162.773
162.861
162.861
162.861
162.861
162.861
162.861
162.861
162.861
162.861
162.861
162.861
162.861
162.861
162.861
162.861
162.861
162.861
162.861
162.861
162.861
162.861
162.861
162.861
162.861
162.861
162.861
162.861
162.861
162.861
162.949
162.949
162.861
162.861
162.861
162.949
162.949
162.861
162.949
162.949
162.949
162.949
162.861
162.949
162.861
162.949
162.949
162.949
162.949
162.949
162.949
162.949
162.949
162.861
162.949
162.949
162.949
162.949
162.949
162.861
162.949
162.949
162.949
162.949
162.949
162.949
162.949
162.949
162.949
162.949
162.861
162.949
162.949
162.949
162.949
162.861
162.949
162.949
162.949
162.949
162.949
162.949
162.949
162.949
162.949
162.949
162.949
162.949
162.949
162.949
162.949
162.949
162.861
162.949
162.949
162.949
162.949
162.949
162.949
162.949
162.949
162.949
162.949
162.949
162.949
162.949
162.949
162.949
162.949
162.949
162.949
162.949
162.949
162.949
162.949
162.949
162.949
162.949
162.949
162.949
162.949
162.949
162.949
162.949
162.949
162.949
162.949
162.949
162.949
162.949
162.949
162.949
162.949
162.949
162.949
162.949
162.949
162.949
162.949
162.949
162.949
162.949
162.949
162.949
162.949
162.949
162.949
162.949
162.949
162.949
162.949
162.949
162.949
162.949
162.949
162.949
162.949
162.949
162.949
162.949
162.949
162.949
162.949
162.949
162.949
162.949
162.949
162.949
162.949
162.949
162.949
162.949
162.949
162.949
162.949
162.949
162.949
162.949
162.949
162.949
162.949
162.949
162.949
162.949
162.949
162.949
162.949
162.949
162.949
162.949
162.949
162.949
162.949
162.949
162.949
162.949
162.949
162.949
162.949
162.949
162.949
162.949
162.949
162.949
162.949
162.949
162.949
162.949
162.949
162.949
162.949
162.949
162.949
162.949
162.949
162.949
162.949
162.949
162.949
162.949
162.949
162.949
162.949
162.949
162.949
162.949
162.949
162.949
162.949
162.949
162.949
162.949
162.949
162.949
162.949
162.949
162.949
162.949
162.949
162.949
162.949
162.949
162.949
162.949
162.949
162.949
162.949
162.949
162.949
162.949
162.949
162.861
162.949
162.949
162.949
162.949
162.949
162.949
162.949
162.949
162.949
162.949
162.949
162.949
162.861
162.861
162.861
162.773
162.773
162.598
162.510
162.422
162.246
162.158
161.982
161.807
161.631
161.455
161.279
161.104
160.840
160.664
160.313
160.137
159.873
159.609
159.346
159.082
158.730
158.467
158.203
157.852
157.588
157.236
156.885
156.533
156.182
155.918
155.479
155.127
154.775
154.424
154.072
153.633
153.281
152.842
152.490
152.139
151.699
151.348
150.908
150.469
150.117
149.590
149.238
148.887
148.447
148.008
147.568
147.217
146.689
146.250
145.898
145.459
145.020
144.580
144.141
143.701
143.350
142.910
142.471
142.031
141.680
141.240
140.801
140.449
140.010
139.570
139.219
138.779
138.428
137.988
137.637
137.285
136.934
136.494
136.143
135.703
135.352
135.000
134.648
134.297
133.945
133.594
133.242
132.891
132.539
132.188
131.836
131.572
131.221
130.957
130.605
130.254
129.990
129.639
129.287
129.111
128.760
128.496
128.232
127.969
127.617
127.441
127.090
126.826
126.650
126.387
126.123
125.859
125.684
125.508
125.244
125.068
124.805
124.629
124.453
124.189
124.014
123.838
123.662
123.574
123.398
123.223
123.047
122.871
122.783
122.607
122.520
122.344
122.256
122.168
121.992
121.904
121.816
121.729
121.641
121.553
121.465
121.377
121.289
121.201
121.113
121.113
121.025
121.025
121.025
120.938
120.938
120.850
120.850
120.850
120.850
120.762
120.762
120.762
120.850
120.850
120.850
120.850
120.850
120.850
120.938
120.938
120.938
121.025
121.025
121.113
121.113
121.113
121.201
121.289
121.377
121.377
121.465
121.553
121.641
121.729
121.816
121.816
121.904
121.992
122.080
122.256
122.344
122.432
122.520
122.607
122.695
122.783
122.959
123.047
123.135
123.223
123.398
123.486
123.574
123.662
123.838
124.014
124.189
124.277
124.453
124.541
124.717
124.893
125.068
125.156
125.332
125.508
125.684
125.859
126.035
126.123
126.299
126.563
126.650
126.914
127.090
127.266
127.441
127.617
127.793
127.969
128.232
128.408
128.584
128.848
129.023
129.199
129.463
129.639
129.902
130.078
130.342
130.518
130.693
130.957
131.221
131.396
131.660
131.836
132.100
132.363
132.627
132.803
133.066
133.330
133.594
133.770
134.033
134.297
134.561
134.824
135.000
135.352
135.527
135.791
136.143
136.406
136.670
136.934
137.197
137.461
137.725
137.988
138.252
138.516
138.779
139.131
139.307
139.658
139.922
140.186
140.449
140.713
141.064
141.240
141.592
141.855
142.207
142.471
142.734
142.998
143.350
143.525
143.877
144.141
144.404
144.756
145.020
145.283
145.547
145.898
146.162
146.426
146.689
147.041
147.305
147.568
147.832
148.184
148.447
148.711
149.063
149.326
149.678
149.941
150.205
150.469
150.732
151.084
151.348
151.699
151.963
152.227
152.578
152.842
153.105
153.369
153.721
153.984
154.248
154.600
154.863
155.215
155.479
155.830
156.094
156.357
156.621
156.885
157.236
157.500
157.764
158.027
158.379
158.643
158.994
159.258
159.521
159.785
160.137
160.400
160.664
161.016
161.279
161.543
161.895
162.158
162.422
162.686
162.949
163.213
163.564
163.828
164.092
164.443
164.707
164.971
165.234
165.498
165.762
166.113
166.377
166.641
166.904
167.168
167.432
167.783
167.959
168.311
168.486
168.750
169.014
169.277
169.541
169.805
170.068
170.332
170.596
170.859
171.123
171.387
171.563
171.826
172.090
172.354
172.617
172.793
173.057
173.320
173.584
173.760
174.023
174.199
174.463
174.727
174.902
175.166
175.430
175.605
175.869
176.045
176.309
176.484
176.748
176.924
177.188
177.363
177.627
177.803
177.979
178.154
178.418
178.594
178.857
179.033
179.209
179.473
179.648
179.824
180.000
180.176
180.352
180.615
180.791
180.967
181.143
181.318
181.494
181.582
181.846
181.934
182.109
182.285
182.461
182.637
182.725
182.900
183.076
183.164
183.340
183.516
183.604
183.779
183.867
183.955
184.131
184.219
184.395
184.482
184.570
184.658
184.746
184.834
185.010
185.098
185.186
185.273
185.361
185.449
185.537
185.625
185.713
185.713
185.801
185.889
185.977
186.064
186.064
186.152
186.240
186.240
186.328
186.416
186.416
186.416
186.504
186.592
186.592
186.680
186.680
186.768
186.768
186.855
186.855
186.855
186.943
186.943
186.943
187.031
187.031
187.031
187.031
187.119
187.119
187.119
187.119
187.119
187.207
187.207
187.207
187.207
187.207
187.207
187.295
187.295
187.295
187.295
187.295
187.295
187.295
187.295
187.295
187.295
187.295
187.295
187.295
187.295
187.295
187.295
187.295
187.295
187.295
187.207
187.207
187.207
187.207
187.207
187.119
187.119
187.119
187.119
187.119
187.119
187.119
187.031
187.031
187.031
187.031
187.031
187.031
187.119
187.207
187.295
187.471
187.646
187.910
188.086
188.438
188.701
189.053
189.492
189.844
190.195
190.723
191.162
191.689
192.129
192.744
193.271
193.887
194.502
195.117
195.732
196.348
197.051
197.754
198.457
199.248
199.951
200.742
201.445
202.236
203.115
203.906
204.697
205.576
206.455
207.334
208.213
209.004
209.971
210.850
211.816
212.783
213.750
214.629
215.596
216.563
217.529
218.584
219.551
220.518
221.484
222.539
223.594
224.561
225.615
226.582
227.637
228.691
229.746
230.713
231.855
232.822
233.965
235.020
236.162
237.217
238.271
239.326
240.381
241.436
242.490
243.545
244.600
245.566
246.533
247.588
248.555
249.434
250.400
251.279
252.246
253.125
254.092
254.883
255.850
256.729
257.607
258.486
259.365
260.244
261.123
262.002
262.881
263.672
264.551
265.430
266.309
267.100
267.891
268.770
269.648
270.439
271.230
272.021
272.812
273.516
274.395
275.098
275.889
276.592
277.295
277.998
278.789
279.492
280.195
280.898
281.602
282.305
282.920
283.623
284.326
284.941
285.557
286.260
286.875
287.490
288.105
288.721
289.336
289.951
290.566
291.094
291.621
292.236
292.764
293.379
293.906
294.434
294.961
295.488
295.928
296.543
296.982
297.510
297.949
298.477
298.916
299.355
299.795
300.322
300.674
301.201
301.553
301.992
302.432
302.783
303.223
303.662
304.014
304.365
304.717
305.156
305.508
305.859
306.123
306.475
306.826
307.090
307.441
307.705
308.057
308.320
308.584
308.848
309.111
309.375
309.551
309.902
310.078
310.342
310.518
310.781
310.957
311.221
311.396
311.572
311.748
312.012
312.100
312.275
312.539
312.627
312.803
312.891
313.066
313.242
313.330
313.506
313.682
313.682
313.857
313.945
314.033
314.121
314.297
314.297
314.385
314.473
314.561
314.561
314.648
314.736
314.736
314.736
314.824
314.912
314.912
314.912
314.912
314.912
314.912
314.912
314.912
314.912
314.912
314.912
314.912
314.912
314.824
314.912
314.824
314.824
314.824
314.824
314.824
314.824
314.824
314.736
314.824
314.736
314.736
314.736
314.736
314.736
314.736
314.736
314.736
314.736
314.736
314.736
314.736
314.736
314.736
314.736
314.736
314.736
314.736
314.736
314.736
314.736
314.736
314.736
314.736
314.736
314.736
314.824
314.736
314.736
314.736
314.736
314.736
314.736
314.736
314.736
314.736
314.736
314.736
314.736
314.736
314.824
314.736
314.736
314.736
314.736
314.736
314.736
314.736
314.736
314.736
314.736
314.736
314.736
314.736
314.736
314.736
314.736
314.736
314.736
314.824
314.736
314.736
314.736
314.736
314.736
314.736
314.736
314.736
314.736
314.736
314.736
314.736
314.736
314.736
314.736
314.736
314.736
314.736
314.736
314.736
314.736
314.736
314.736
314.736
314.736
314.736
314.736
314.736
314.824
314.736
314.736
314.824
314.736
314.736
314.736
314.736
314.736
314.736
314.736
314.736
314.736
314.736
314.736
314.736
314.736
314.824
314.736
314.736
314.736
314.736
314.736
314.736
314.736
314.736
314.736
314.736
314.736
314.736
314.736
314.736
314.736
314.736
314.736
314.736
314.736
314.736
314.736
314.736
314.736
314.736
314.736
314.736
314.736
314.736
314.736
314.736
314.736
314.736
314.736
314.736
314.736
314.736
314.736
314.824
314.736
314.824
314.736
314.736
314.736
314.824
314.736
314.736
314.824
314.736
314.736
314.736
314.736
314.824
314.736
314.736
314.736
314.736
314.736
314.736
314.824
314.736
314.736
314.736
314.736
314.824
314.736
314.736
314.736
314.824
314.736
314.736
314.736
314.736
314.736
314.736
314.824
314.736
314.824
314.736
314.736
314.736
314.736
314.736
314.736
314.736
314.736
314.736
314.736
314.736
314.736
314.736
314.736
314.736
314.736
314.736
314.736
314.736
314.736
314.736
314.736
314.736
314.736
314.736
314.736
314.736
314.736
314.736
314.648
314.648
314.648
314.648
314.648
314.648
314.648
314.648
314.648
314.648
314.648
314.648
314.648
314.648
314.648
314.648
314.648
314.648
314.648
314.648
314.648
314.648
314.648
314.648
314.736
314.648
314.648
314.648
314.648
314.648
314.648
314.648
314.648
314.648
314.648
314.736
314.648
314.648
314.648
314.648
314.736
314.648
314.648
314.648
314.648
314.648
314.648
314.648
314.648
314.648
314.648
314.648
314.648
314.648
314.736
314.648
314.648
314.648
314.648
314.648
314.648
314.648
314.648
314.648
314.648
314.648
314.648
314.648
314.648
314.648
314.648
314.648
314.648
314.648
314.648
314.648
314.648
314.648
314.736
314.648
314.648
314.736
314.648
314.648
314.648
314.648
314.648
314.648
314.648
314.648
314.648
314.648
314.648
314.736
314.736
314.824
314.824
314.912
314.912
315.000
315.000
315.088
315.176
315.176
315.176
315.264
315.352
315.352
315.439
315.439
315.527
315.615
315.703
315.703
315.791
315.791
315.879
315.967
316.055
316.055
316.143
316.230
316.230
316.318
316.318
316.406
316.494
316.494
316.582
316.670
316.670
316.758
316.846
316.846
316.934
316.934
316.934
317.021
317.021
317.021
317.109
317.109
317.109
317.197
317.197
317.197
317.285
317.285
317.285
317.285
317.285
317.285
317.285
317.285
317.285
317.285
317.285
317.285
317.285
317.285
317.285
317.285
317.285
317.285
317.285
317.285
317.285
317.285
317.285
317.285
317.285
317.285
317.285
317.285
317.285
317.285
317.197
317.285
317.285
317.285
317.285
317.285
317.285
317.285
317.285
317.197
317.197
317.197
317.285
317.285
317.197
317.285
317.285
317.285
317.285
317.285
317.197
317.285
317.197
317.197
317.197
317.197
317.197
317.197
317.197
317.197
317.197
317.197
317.197
317.197
317.197
317.197
317.197
317.197
317.197
317.197
317.197
317.197
317.197
317.197
317.197
317.197
317.197
317.197
317.197
317.197
317.197
317.197
317.197
317.197
317.197
317.197
317.197
317.197
317.197
317.197
317.197
317.197
317.197
317.197
317.197
317.197
317.197
317.197
317.197
317.197
317.197
317.197
317.197
317.197
317.109
317.197
317.197
317.197
317.109
317.197
317.197
317.109
317.197
317.109
317.197
317.197
317.197
317.197
317.197
317.109
317.109
317.109
317.197
317.197
317.197
317.109
317.109
317.109
317.197
317.197
317.109
317.109
317.109
317.109
317.109
317.109
317.109
317.197
317.197
317.109
317.197
317.109
317.197
317.197
317.109
317.197
317.109
317.109
317.197
317.197
317.197
317.109
317.197
317.109
317.109
317.197
317.197
317.109
317.109
317.197
317.109
317.197
317.197
317.197
317.109
317.197
317.109
317.109
317.197
317.197
317.109
317.109
317.197
317.197
317.197
317.109
317.197
317.109
317.109
317.109
317.197
317.109
317.197
317.109
317.109
317.109
317.109
317.197
317.109
317.197
317.109
317.109
317.109
317.197
317.109
317.109
317.109
317.109
317.109
317.109
317.197
317.109
317.197
317.109
317.109
317.197
317.109
317.109
317.109
317.109
317.109
317.109
317.109
317.109
317.109
317.109
317.197
317.197
317.197
317.109
317.109
317.109
317.109
317.197
317.109
317.109
317.109
317.197
317.109
317.109
317.109
317.109
317.109
317.109
317.109
317.109
317.197
317.109
317.109
317.109
317.109
317.109
317.109
317.197
317.109
317.197
317.109
317.109
317.109
317.109
317.109
317.109
317.197
317.109
317.197
317.109
317.197
317.109
317.197
317.109
317.109
317.109
317.109
317.197
317.109
317.109
317.109
317.197
317.109
317.109
317.109
317.197
317.109
317.197
317.109
317.109
317.109
317.197
317.109
317.109
317.109
317.109
317.109
317.197
317.197
317.109
317.109
317.109
317.197
317.109
317.109
317.109
317.197
317.109
317.197
317.109
317.109
317.109
317.109
317.109
317.109
317.109
317.109
317.109
317.109
317.109
317.109
317.109
317.109
317.109
317.109
317.197
317.109
317.109
317.197
317.109
317.109
317.109
317.109
317.109
317.109
317.109
317.109
317.109
317.109
317.109
317.109
317.197
317.109
317.109
317.109
317.109
317.197
317.197
317.109
317.109
317.109
317.109
317.197
317.109
317.109
317.109
317.109
317.109
317.109
317.109
317.109
317.109
317.109
317.109
317.109
317.109
317.109
317.197
317.109
317.109
317.109
317.109
317.109
317.109
317.197
317.109
317.109
317.197
317.197
317.197
317.109
317.109
317.109
317.109
317.109
317.109
317.109
317.109
317.109
317.109
317.109
317.109
317.109
317.197
317.109
317.197
317.109
317.109
317.109
317.109
317.109
317.197
317.109
317.109
317.197
317.109
317.109
317.109
317.109
317.109
317.197
317.109
317.197
317.197
317.197
317.109
317.109
317.109
317.197
317.109
317.197
317.109
317.197
317.197
317.109
317.109
317.109
317.197
317.109
317.109
317.109
317.109
317.197
317.197
317.197
317.109
317.109
317.109
317.109
317.109
317.109
317.109
317.197
317.109
317.197
317.109
317.197
317.109
317.109
317.109
317.197
317.109
317.109
317.109
317.109
317.109
317.109
317.109
317.109
317.197
317.109
317.109
317.197
317.109
317.109
317.109
317.109
317.197
317.109
317.197
317.109
317.109
317.109
317.109
317.109
317.197
317.197
317.109
317.197
317.109
317.197
317.197
317.109
317.109
317.197
317.109
317.109
317.109
317.109
317.109
317.109
317.109
317.109
317.197
317.109
317.197
317.109
317.109
317.109
317.109
317.197
317.109
317.109
317.109
317.197
317.109
317.197
317.197
317.285
317.285
317.285
317.373
317.461
317.549
317.549
317.637
317.637
317.812
317.812
317.988
318.076
318.076
318.252
318.340
318.428
318.516
318.604
318.691
318.867
318.955
319.043
319.131
319.307
319.395
319.570
319.570
319.746
319.922
320.010
320.098
320.186
320.361
320.449
320.625
320.713
320.801
320.889
321.064
321.240
321.328
321.416
321.504
321.680
321.768
321.943
322.031
322.119
322.295
322.383
322.471
322.559
322.734
322.822
322.910
322.998
323.174
323.262
323.350
323.437
323.525
323.613
323.701
323.877
323.877
323.965
324.053
324.141
324.229
324.316
324.404
324.404
324.492
324.492
324.580
324.668
324.756
324.756
324.844
324.844
324.932
324.932
325.020
325.020
325.020
325.107
325.107
325.107
325.195
325.195
325.195
325.195
325.195
325.195
325.283
325.283
325.283
325.283
325.195
325.283
325.283
325.195
325.195
325.195
325.195
325.195
325.195
325.195
325.107
325.107
325.107
325.107
325.107
325.107
325.107
325.107
325.020
325.020
325.020
325.020
325.020
324.932
324.932
324.932
324.932
324.932
324.844
324.844
324.844
324.756
324.844
324.756
324.756
324.756
324.756
324.668
324.668
324.668
324.668
324.580
324.580
324.580
324.580
324.492
324.492
324.492
324.492
324.404
324.404
324.404
324.404
324.404
324.316
324.316
324.316
324.229
324.229
324.229
324.229
324.141
324.141
324.141
324.053
324.053
324.053
323.965
323.965
323.965
323.965
323.965
323.877
323.877
323.877
323.789
323.789
323.789
323.701
323.701
323.701
323.613
323.613
323.613
323.525
323.525
323.525
323.437
323.437
323.437
323.350
323.350
323.350
323.262
323.262
323.262
323.262
323.262
323.174
323.174
323.174
323.174
323.086
323.086
323.086
323.086
322.998
322.998
322.910
322.910
322.910
322.822
322.822
322.822
322.822
322.734
322.734
322.734
322.734
322.734
322.646
322.646
322.646
322.646
322.646
322.559
322.559
322.559
322.471
322.471
322.383
322.471
322.383
322.383
322.383
322.383
322.383
322.383
322.295
322.295
322.207
322.295
322.207
322.207
322.207
322.207
322.207
322.119
322.119
322.119
322.031
322.031
322.031
322.031
322.031
322.031
322.031
321.943
321.943
321.943
321.943
321.855
321.855
321.855
321.768
321.768
321.768
321.680
321.680
321.680
321.592
321.592
321.592
321.504
321.504
321.504
321.504
321.416
321.416
321.416
321.416
321.416
321.328
321.416
321.328
321.328
321.328
321.240
321.240
321.240
321.240
321.240
321.240
321.152
321.152
321.152
321.152
321.152
321.064
321.152
321.152
321.064
321.064
321.152
321.064
321.064
321.064
321.064
321.064
321.064
321.152
321.064
321.064
321.064
321.064
321.064
321.064
321.064
321.064
321.064
321.064
321.064
321.064
321.064
321.064
321.064
321.064
321.064
321.064
321.064
321.064
321.064
321.064
321.064
321.064
321.064
321.064
321.064
321.064
321.064
321.064
321.064
321.064
321.064
321.064
321.064
321.064
321.064
321.064
321.064
321.064
321.064
321.064
321.064
321.064
321.064
321.064
321.064
321.064
321.064
321.064
321.064
321.064
320.977
320.977
321.064
321.064
321.064
321.064
321.064
320.977
320.977
320.977
320.977
320.977
320.977
320.977
320.977
320.977
320.977
320.977
320.977
320.977
320.977
320.889
320.889
320.889
320.889
320.889
320.889
320.889
320.889
320.889
320.801
320.889
320.801
320.889
320.801
320.801
320.801
320.801
320.801
320.801
320.801
320.801
320.801
320.713
320.713
320.713
320.713
320.713
320.713
320.713
320.713
320.625
320.625
320.625
320.625
320.625
320.625
320.537
320.537
320.537
320.537
320.537
320.537
320.537
320.537
320.449
320.449
320.449
320.449
320.449
320.449
320.449
320.449
320.449
320.449
320.449
320.449
320.449
320.449
320.361
320.361
320.361
320.449
320.449
320.449
320.361
320.449
320.361
320.449
320.361
320.449
320.449
320.361
320.449
320.449
320.361
320.361
320.361
320.361
320.361
320.361
320.361
320.449
320.361
320.361
320.361
320.361
320.361
320.361
320.361
320.361
320.361
320.361
320.361
320.361
320.361
320.361
320.273
320.361
320.361
320.361
320.361
320.273
320.273
320.273
320.273
320.361
320.361
320.273
320.273
320.273
320.273
320.273
320.273
320.273
320.273
320.273
320.273
320.273
320.273
320.273
320.273
320.273
320.273
320.273
320.273
320.273
320.273
320.186
320.186
320.186
320.186
320.186
320.186
320.186
320.186
320.186
320.186
320.186
320.186
320.186
320.186
320.186
320.098
320.098
320.098
320.098
320.010
320.098
320.010
320.010
320.010
320.010
320.010
319.922
320.010
320.010
319.922
319.922
319.922
319.922
319.922
320.010
320.010
320.098
320.186
320.361
320.537
320.625
320.801
320.977
321.152
321.328
321.592
321.768
322.031
322.295
322.559
322.822
323.174
323.437
323.789
324.053
324.404
324.756
325.107
325.459
325.811
326.250
326.602
326.953
327.393
327.832
328.184
328.623
329.062
329.502
329.941
330.381
330.820
331.260
331.699
332.139
332.666
333.193
333.633
334.072
334.600
335.039
335.566
336.094
336.533
337.061
337.588
338.115
338.643
339.082
339.609
340.137
340.664
341.191
341.719
342.246
342.773
343.301
343.828
344.355
344.795
345.410
345.850
346.465
346.992
347.520
348.047
348.662
349.102
349.629
350.156
350.684
351.299
351.738
352.266
352.793
353.408
353.848
354.375
354.990
355.518
356.045
356.572
357.100
357.627
358.154
358.682
359.209
359.648
0.176
0.703
1.318
1.758
2.285
2.812
3.340
3.779
4.307
4.834
5.361
5.889
6.328
6.855
7.383
7.910
8.350
8.877
9.316
9.844
10.283
10.811
11.250
11.777
12.217
12.744
13.271
13.711
14.150
14.590
15.029
15.469
15.996
16.436
16.963
17.402
17.842
18.281
18.809
19.160
19.600
20.039
20.479
20.918
21.357
21.797
22.236
22.676
23.115
23.555
23.994
24.346
24.785
25.137
25.576
26.016
26.367
26.807
27.246
27.598
28.037
28.389
28.828
29.180
29.531
29.971
30.322
30.674
31.025
31.465
31.816
32.256
32.520
32.959
33.311
33.574
34.014
34.365
34.717
34.980
35.420
35.771
36.123
36.475
36.738
37.090
37.441
37.793
38.057
38.408
38.672
39.111
39.375
39.727
40.078
40.342
40.605
40.957
41.221
41.572
41.836
42.187
42.451
42.803
43.066
43.330
43.594
43.945
44.209
44.473
44.824
45.000
45.352
45.615
45.879
46.230
46.494
46.758
47.109
47.373
47.637
47.900
48.076
48.428
48.604
48.955
49.219
49.482
49.746
49.922
50.273
50.537
50.801
50.977
51.240
51.504
51.855
52.031
52.295
52.559
52.822
53.086
53.350
53.613
53.789
54.053
54.316
54.580
54.844
55.107
55.283
55.635
55.898
56.074
56.338
56.602
56.865
57.129
57.393
57.656
57.832
58.184
58.359
58.623
58.887
59.062
59.414
59.590
59.854
60.117
60.381
60.645
60.820
61.084
61.348
61.611
61.875
62.139
62.402
62.666
62.842
63.105
63.369
63.633
63.896
64.160
64.424
64.600
64.863
65.215
65.391
65.654
65.918
66.182
66.445
66.621
66.885
67.148
67.412
67.676
67.939
68.203
68.467
68.730
68.994
69.258
69.521
69.785
70.049
70.313
70.576
70.840
71.104
71.367
71.543
71.807
72.070
72.334
72.598
72.861
73.125
73.389
73.652
73.916
74.180
74.443
74.707
74.971
75.234
75.586
75.762
76.025
76.377
76.641
76.904
77.168
77.432
77.695
77.959
78.223
78.486
78.750
79.014
79.277
79.541
79.893
80.068
80.332
80.684
80.947
81.211
81.475
81.738
82.002
82.354
82.617
82.881
83.145
83.408
83.672
84.023
84.287
84.551
84.814
85.078
85.430
85.693
86.045
86.309
86.572
86.924
87.188
87.451
87.803
88.066
88.330
88.682
88.945
89.209
89.561
89.824
90.176
90.439
90.703
91.055
91.318
91.670
91.934
92.285
92.549
92.900
93.164
93.516
93.867
94.219
94.482
94.834
95.098
95.449
95.713
96.064
96.416
96.680
97.031
97.383
97.734
97.998
98.350
98.613
98.965
99.404
99.668
100.020
100.371
100.635
100.986
101.338
101.689
102.041
102.393
102.744
103.096
103.359
103.711
104.063
104.414
104.766
105.117
105.469
105.820
106.260
106.611
106.875
107.314
107.666
108.018
108.369
108.721
109.072
109.424
109.775
110.127
110.566
110.918
111.270
111.621
112.061
112.412
112.764
113.115
113.555
113.818
114.258
114.697
115.049
115.400
115.752
116.191
116.543
116.895
117.334
117.686
118.037
118.477
118.828
119.180
119.619
119.971
120.410
120.762
121.113
121.553
121.904
122.344
122.695
123.047
123.486
123.838
124.277
124.629
124.980
125.420
125.771
126.123
126.563
127.002
127.354
127.793
128.145
128.584
128.936
129.375
129.727
130.078
130.518
130.869
131.309
131.748
132.100
132.539
132.891
133.242
133.682
134.121
134.473
134.912
135.352
135.703
136.055
136.494
136.846
137.285
137.637
138.076
138.516
138.867
139.307
139.746
140.098
140.537
140.889
141.328
141.680
142.119
142.471
142.910
143.350
143.789
144.141
144.580
144.932
145.371
145.811
146.162
146.602
147.041
147.393
147.832
148.184
148.535
148.975
149.326
149.766
150.205
150.557
150.996
151.348
151.699
152.139
152.490
152.930
153.281
153.633
153.896
154.160
154.336
154.512
154.688
154.775
154.775
154.775
154.775
154.688
154.512
154.424
154.248
153.984
153.721
153.545
153.281
152.930
152.578
152.227
151.875
151.436
150.996
150.557
150.117
149.590
149.063
148.535
147.920
147.393
146.777
146.162
145.547
144.932
144.229
143.613
142.910
142.295
141.504
140.801
140.098
139.307
138.604
137.813
137.021
136.230
135.439
134.648
133.857
132.979
132.188
131.396
130.518
129.727
128.848
127.969
127.178
126.299
125.508
124.541
123.750
122.871
121.992
121.113
120.234
119.355
118.564
117.598
116.807
115.928
115.049
114.170
113.291
112.412
111.621
110.742
109.951
109.160
108.281
107.490
106.787
105.996
105.205
104.502
103.711
103.096
102.393
101.689
100.986
100.283
99.668
98.965
98.262
97.646
96.943
96.416
95.713
95.186
94.570
93.955
93.340
92.813
92.285
91.670
91.143
90.615
90.088
89.648
89.121
88.682
88.154
87.715
87.275
86.836
86.484
86.045
85.693
85.254
84.990
84.551
84.287
83.936
83.672
83.320
83.057
82.793
82.529
82.266
82.090
81.826
81.650
81.475
81.299
81.123
80.947
80.771
80.771
80.596
80.508
80.420
80.420
80.332
80.244
80.244
80.156
80.244
80.244
80.244
80.244
80.244
80.244
80.244
80.244
80.244
80.244
80.244
80.332
80.244
80.332
80.244
80.332
80.332
80.244
80.332
80.332
80.332
80.332
80.332
80.332
80.332
80.332
80.332
80.244
80.332
80.332
80.244
80.332
80.332
80.244
80.332
80.332
80.332
80.332
80.332
80.332
80.244
80.244
80.332
80.332
80.244
80.332
80.332
80.332
80.244
80.332
80.332
80.332
80.332
80.244
80.332
80.244
80.244
80.332
80.332
80.332
80.332
80.244
80.244
80.332
80.332
80.332
80.332
80.332
80.332
80.332
80.244
80.332
80.332
80.332
80.332
80.332
80.332
80.332
80.332
80.332
80.332
80.332
80.332
80.332
80.332
80.244
80.244
80.332
80.332
80.332
80.332
80.244
80.332
80.244
80.332
80.332
80.332
80.244
80.332
80.244
80.332
80.244
80.332
80.332
80.332
80.244
80.332
80.332
80.332
80.332
80.332
80.244
80.244
80.332
80.332
80.332
80.332
80.332
80.332
80.244
80.332
80.332
80.332
80.332
80.332
80.332
80.332
80.332
80.244
80.244
80.332
80.332
80.332
80.244
80.244
80.332
80.332
80.332
80.244
80.332
80.332
80.244
80.332
80.332
80.332
80.244
80.332
80.332
80.244
80.244
80.332
80.332
80.332
80.244
80.332
80.332
80.332
80.332
80.332
80.332
80.332
80.332
80.332
80.332
80.332
80.332
80.332
80.332
80.332
80.332
80.332
80.332
80.332
80.332
80.332
80.332
80.332
80.332
80.332
80.332
80.332
80.332
80.332
80.332
80.332
80.332
80.332
80.332
80.332
80.332
80.332
80.332
80.332
80.332
80.332
80.332
80.332
80.332
80.332
80.332
80.332
80.332
80.332
80.420
80.332
80.332
80.332
80.332
80.332
80.420
80.420
80.420
80.420
80.332
80.420
80.420
80.420
80.420
80.420
80.420
80.420
80.420
80.420
80.420
80.420
80.420
80.420
80.420
80.420
80.420
80.420
