=~=~=~=~=~=~=~=~=~=~=~= PuTTY log 2015.09.26 16:49:56 =~=~=~=~=~=~=~=~=~=~=~=
1333
125
375
687
875
1187
1375
1562
1687
1875
1937
2062
2125
2187
2250
2250
2312
2312
2250
2250
2250
2250
2250
2187
2187
2125
2125
2125
2062
2062
2000
2000
2062
2000
2000
2000
2000
2000
2000
2000
1937
2000
2000
2000
2000
2000
1937
2000
2000
2000
2000
2000
2000
2000
2000
2000
2000
2000
2000
2062
2000
2000
2000
2000
2000
2000
1937
2062
1937
1937
1937
2000
2000
1937
2187
2625
3062
3437
3812
4187
4562
4812
5062
5312
5562
5750
6000
6187
6312
6437
6562
6562
6625
6687
6625
6625
6562
6562
6500
6437
6437
6375
6312
6250
6250
6187
6187
6125
6125
6062
6062
6062
6062
6000
6062
6062
6000
6000
6000
6000
5937
6000
6000
5937
6000
6000
6000
6000
6000
6000
6000
6000
6000
6000
6000
6000
6000
6000
6000
6000
6000
6000
6000
6000
6000
6000
6000
5937
5437
4687
3937
3187
2437
1687
937
187
-562
-1312
-1937
-2625
-3250
-3812
-4437
-4937
-5437
-5875
-6312
-6812
-7187
-7437
-7812
-8000
-8250
-8437
-8687
-8812
-8937
-9062
-9187
-9250
-9375
-9437
-9500
-9562
-9500
-9375
-9125
-8812
-8500
-8187
-7875
-7500
-7250
-7062
-6750
-6562
-6437
-6312
-6187
-6125
-6062
-6000
-5937
-5937
-5937
-5937
-5937
-5875
-5937
-5937
-5937
-6000
-5937
-5937
-6000
-6000
-5937
-6000
-6000
-6000
-6000
-6000
-5250
-4500
-3937
-3375
-2937
-2562
-2250
-2000
-1812
-1687
-1625
-1562
-1562
-1562
-1625
-1625
-1687
-1687
-1750
-1750
-1875
-1875
-1875
-1875
-1937
-2000
-1937
-2000
-2000
-2000
-2062
-2000
-2000
-2000
-2062
-2062
-2000
-2000
-2062
-2000
-2000
-2000
-2000
-2000
-2000
-2000
-2000
-2000
-2000
-2062
-1937
-2000
-2000
-2000
-2000
-2000
-2000
-2000
-2000
-2000
-2000
-2000
-2000
-2000
-2000
-2000
-2000
-2000
-2000
-2000
-2000
-2000
-2000
-1750
-1437
-1125
-875
-625
-375
-250
-125
0
0
62
125
125
62
62
62
62
125
125
62
62
62
62
62
0
62
0
0
0
0
0
0
0
0
0
0
0
0
0
0
0
0
0
0
0
0
0
0
0
0
0
0
0
0
0
0
0
0
0
0
0
0
0
0
0
0
0
0
0
0
0
0
0
0
0
0
0
0
0
0
0
0
0
0
0
0
0
0
0
0
0
0
0
0
0
0
0
0
0
0
0
0
0
0
0
0
0
0
0
0
0
0
0
0
0
0
0
0
0
0
0
0
0
0
0
0
0
0
0
0
0
0
0
0
0
0
0
0
0
0
187
437
750
1062
1312
1500
1687
1875
1937
2062
2125
2250
2312
2312
2375
2312
2375
2312
2250
2250
2250
2187
2187
2187
2125
2062
2062
2000
2000
2000
2062
2062
2000
1937
1937
2000
2000
2000
1937
2000
2000
1937
2000
2000
2000
1937
2000
2000
2000
2000
2000
2000
2000
2000
2000
2000
2000
2000
2000
2000
2062
2000
2000
2000
2000
2000
2000
2000
1937
1937
2000
1937
1937
2187
2625
3062
3500
3875
4187
4500
4812
5125
5375
5562
5812
6000
6125
6312
6437
6562
6625
6625
6625
6687
6625
6562
6562
6500
6437
6437
6375
6312
6250
6250
6187
6125
6125
6125
6062
6062
6062
6062
6062
6000
6000
6000
6000
6000
6000
6000
6000
6000
6000
6000
6000
6000
6000
6000
6000
5937
6000
6000
6000
6000
6000
6000
6000
6000
6062
6000
6000
6000
6000
6062
6000
6000
6000
5437
4750
3937
3187
2437
1687
937
250
-437
-1187
-1875
-2500
-3125
-3750
-4312
-4875
-5312
-5812
-6250
-6750
-7125
-7437
-7687
-8000
-8250
-8437
-8625
-8750
-8937
-9062
-9187
-9312
-9375
-9437
-9500
-9625
-9625
-9500
-9250
-9000
-8625
-8312
-8000
-7687
-7375
-7125
-6937
-6687
-6500
-6375
-6187
-6187
-6062
-6000
-5937
-5937
-5937
-5875
-5937
-5937
-5937
-5937
-5937
-5937
-6000
-5937
-5937
-6000
-6000
-6000
-6000
-6000
-6000
-6000
-5250
-4562
-3937
-3375
-2937
-2500
-2250
-2000
-1812
-1687
-1625
-1562
-1562
-1562
-1625
-1687
-1687
-1687
-1750
-1812
-1812
-1875
-1875
-1875
-1937
-1937
-2000
-2000
-2000
-2000
-2000
-2062
-2062
-2062
-2000
-2000
-2062
-2062
-2000
-2000
-2062
-2000
-2000
-2000
-2000
-2000
-2000
-2000
-2062
-2000
-2062
-2000
-1937
-2000
-2000
-2000
-2000
-2000
-1937
-2062
-2000
-1937
-2062
-2000
-2000
-2000
-2000
-2000
-2062
-2000
-1937
-2062
-2000
-1750
-1437
-1125
-875
-625
-437
-250
-62
0
0
62
62
125
125
62
125
125
125
125
62
62
62
0
62
0
62
62
0
0
0
0
0
0
0
0
0
0
0
0
0
0
0
0
0
0
