=~=~=~=~=~=~=~=~=~=~=~= PuTTY log 2015.10.17 16:18:18 =~=~=~=~=~=~=~=~=~=~=~=
Programa feito pegando dados a cada 200 ms.
0
0
0
0
0
0
0
0
0
0
0
0
0
0
0
0
0
0
0
0
0
0
0
0
0
0
0
0
0
0
0
0
0
0
0
0
0
0
0
0
0
0
0
0
0
0
0
0
0
0
0
0
0
0
0
0
0
0
0
0
0
0
0
0
0
187
312
500
687
812
875
1000
1062
1187
1250
1312
1375
1437
1437
1500
1500
1500
1500
1562
1562
1562
1562
1562
1562
1562
1562
1562
1562
1500
1562
1500
1562
1500
1562
1562
1562
1500
1500
1500
1500
1562
1500
1500
1500
1500
1562
1500
1562
1500
1500
1500
1500
1500
1500
1500
1437
1562
1500
1500
1500
1500
1500
1500
1500
1500
1500
1500
1500
1500
1500
1500
1500
1500
1625
1812
1937
2125
2250
2437
2562
2625
2687
2750
2619
2875
2937
2937
3000
3000
3000
3062
3062
3062
3062
3062
3062
3062
3062
3062
3062
3062
3000
3000
3000
3000
3062
3000
3000
3000
3062
3000
3000
3062
3000
3000
3062
3000
3000
3000
3000
3000
3000
3000
3000
3000
3000
3000
3000
3000
3000
3000
3062
3000
3000
3000
3000
3000
3000
3000
3000
3000
2937
3000
3000
3062
3062
3000
2750
2437
2312
2125
2000
1875
1875
1750
1687
1687
1687
1562
1562
1562
1500
1500
1562
1500
1500
1500
1500
1500
1437
1500
1500
1437
1437
1500
1500
1500
1500
1500
1500
1500
1500
1437
1500
1500
1500
1500
1437
1500
1500
1500
1500
1500
1500
1437
1500
1500
1500
1500
1500
1500
1500
1500
1500
1500
1500
1500
1500
1500
1500
1500
1500
1500
1500
1500
1500
1500
1500
1500
1500
1312
1125
937
750
625
562
375
312
250
125
125
62
0
0
0
0
0
0
0
0
0
0
0
0
0
0
0
0
0
0
0
0
0
0
0
0
0
0
0
0
0
0
0
0
0
0
0
0
0
0
0
0
0
0
0
0
0
0
0
0
0
0
0
0
0
0
0
0
0
0
0
0
0
-62
-312
-562
-687
-812
-1000
-1062
-1187
-1250
-1312
-1375
-1375
-1437
-1500
-1500
-1500
-1500
-1562
-1500
-1562
-1562
-1562
-1562
-1500
-1306
-1562
-1500
-1562
-1562
-1562
-1500
-1500
-1562
-1500
-1500
-1562
-1500
-1500
-1500
-1500
-1500
-1500
-1500
-1500
-1500
-1500
-1500
-1500
-1500
-1500
-1500
-1500
-1562
-1500
-1500
-1437
-1500
-1500
-1562
-1500
-1562
-1437
-1437
-1562
-1500
-1500
-1437
-1437
-1500
-1562
-1500
-1500
-1500
-1625
-2125
-2437
-2750
-3000
-3250
-3437
-3562
-3687
-3812
-3875
-3937
-3937
-4062
-4062
-4062
-4062
-4062
-4062
-4062
-4062
-4062
-4000
-4062
-4062
-4062
-4000
-4000
-4000
-4062
-4062
-4062
-4062
-4000
-4062
-4000
-4000
-4000
-4000
-4000
-4000
-4000
-4000
-4000
-4000
-4000
-4062
-4000
-4000
-4000
-4000
-4000
-4000
-4000
-4000
-4000
-4000
-4000
-4000
-4000
-4062
-4000
-4000
-4000
-4062
-3937
-4000
-4062
-4000
-3937
-4062
-4000
-4000
-4000
-3625
-3187
-2812
-2500
-2250
-2062
-1875
-1812
-1750
-1687
-1625
-1625
-1562
-1562
-1500
-1500
-1500
-1437
-1500
-1500
-1500
-1500
-1437
-1500
-1500
-1437
-1437
-1437
-1437
-1500
-1500
-1500
-1437
-1500
-1500
-1500
-1437
-1500
-1500
-1500
-1500
-1500
-1500
-1500
-1500
-1500
-1500
-1500
-1500
-1500
-1500
-1437
-1437
-1437
-1500
-1500
-1500
-1500
-1562
-1500
-1500
-1437
-1500
-1562
-1437
-1500
-1500
-1562
-1500
-1437
-1500
-1562
-1500
-1375
-1125
-937
-750
-625
-437
-375
-250
-187
-125
-62
-62
0
0
0
0
0
0
0
0
0
0
0
0
0
0
0
0
0
0
0
0
0
0
0
0
0
0
0
0
0
0
0
0
0
0
0
0
0
0
0
0
0
0
0
0
0
0
0
0
0
0
0
0
0
0
0
0
0
0
0
0
0
-62
187
312
500
687
812
937
1000
1125
