=~=~=~=~=~=~=~=~=~=~=~= PuTTY log 2015.09.26 17:11:37 =~=~=~=~=~=~=~=~=~=~=~=
1333
0
0
0
0
0
0
0
0
0
0
0
0
0
0
0
0
0
0
0
0
0
0
0
0
0
0
0
0
0
0
0
0
0
0
0
0
0
0
0
0
0
0
0
0
0
0
0
0
0
0
0
0
0
0
0
0
0
0
0
0
0
0
0
0
0
0
0
0
0
0
62
0
0
0
0
0
0
0
0
0
0
0
0
0
0
0
0
0
0
0
0
0
0
0
0
0
0
0
0
0
0
0
0
-62
0
0
0
0
-62
0
-62
0
0
-256
0
0
0
0
0
0
0
0
0
0
0
0
0
0
0
0
0
0
0
0
0
0
0
0
0
0
0
0
0
0
0
0
62
687
1312
1750
2375
2812
3250
3562
4000
4312
4625
4875
5125
5375
5625
5812
6000
6125
6312
6437
6500
6687
6687
6750
6875
6875
6937
6937
7000
7000
7000
6937
7000
7000
6937
6937
6875
6875
6812
6750
6687
6625
6500
6437
6375
6312
6312
6250
6187
6125
6062
6125
6062
6062
6062
6000
6000
6000
6000
6000
6000
6000
6000
5937
6000
6000
6000
5937
5937
5937
6000
6000
6000
6000
5687
5125
4562
4125
3687
3312
2875
2562
2312
2125
1875
1750
1687
1625
1562
1562
1562
1625
1625
1625
1625
1750
1750
1750
1812
1812
1875
1875
1937
1937
1937
2000
2000
2062
2062
2062
2062
2000
2062
2062
2000
2062
2062
2000
2062
2000
2062
2000
2062
2000
2000
2000
2000
2000
2000
2000
1937
2000
2000
2000
2000
1937
2000
2000
2000
2000
2000
2000
2000
2000
2000
1937
2062
2000
1750
1375
1187
937
687
500
312
187
0
-62
-125
-125
-125
-187
-125
-187
-187
-125
-187
-125
-125
-62
-62
-62
-62
0
0
0
0
0
0
0
0
0
0
0
0
0
-62
0
0
0
0
0
0
0
0
0
0
0
0
0
0
0
0
0
0
0
0
0
0
0
0
0
0
0
0
0
0
0
0
0
0
-250
-562
-875
-1187
-1375
-1625
-1812
-1875
-2000
-2125
-2187
-2250
-2250
-2250
-2250
-2250
-2250
-2250
-2187
-2125
-2187
-2125
-2062
-2062
-2062
-2000
-2062
-2000
-2000
-2000
-2000
-2000
-1937
-2000
-2000
-2000
-2000
-2000
-1937
-2000
-2000
-2000
-2000
-2000
-2000
-2000
-2000
-2000
-2000
-2000
-2000
-2000
-2000
-2000
-2000
-2000
-2000
-2000
-2000
-1937
-2000
-2062
-2000
-2000
-2062
-2000
-2000
-2062
-2000
-2000
-2000
-2000
-2000
-2187
-2937
-3562
-4250
-4687
-5187
-5562
-5937
-6125
-6312
-6375
-6437
-6437
-6500
-6437
-6375
-6375
-6375
-6312
-6250
-6187
-6125
-6125
-6125
-6062
-6062
-6062
-6062
-6000
-6000
-6000
-6000
-6000
-6000
-6000
-5937
-6000
-6000
-6000
-6000
-6000
-6000
-6000
-6000
-6000
-6000
-6000
-6000
-6000
-6000
-6000
-6062
-5937
-5937
-6000
-6000
-6000
-6000
-6000
-6062
-6000
-6000
-5937
-6000
-6000
-6000
-6000
-6000
-6000
-6000
-6000
-6000
-6000
-6062
-5250
-4562
-3875
-3375
-2875
-2500
-2250
-2000
-1812
-1687
-1625
-1625
-1562
-1625
-1625
-1625
-1625
-1750
-1750
-1812
-1812
-1875
-1875
-1875
-1937
-1937
-1937
-2000
-2000
-2000
-2062
-2000
-2000
-2000
-2000
-2000
-2000
-2062
-2000
-2062
-2062
-2062
-2000
-2000
-2000
-2000
-2000
-2000
-2000
-2000
-2000
-2000
-2000
-1937
-2062
-2000
-2000
-2000
-2000
-2000
-2000
-2000
-2000
-2000
-2000
-2000
-2000
-1937
-2000
-2062
-1937
-2000
-2062
-1812
-1500
-1187
-875
-687
-437
-250
-125
0
62
62
125
125
125
62
62
62
125
125
62
62
62
0
0
0
62
0
0
0
0
0
0
0
0
0
0
0
0
0
0
0
0
0
0
0
0
0
0
0
0
0
0
0
0
0
0
0
0
0
0
0
0
0
0
0
0
0
0
0
0
0
0
0
0
312
625
875
1062
1312
1562
1687
1812
1937
2062
2125
2250
2250
2312
2312
2312
2312
2312
2506
2250
2250
2250
2125
2125
2125
2062
2062
2062
2000
2062
2000
2000
2000
2000
2000
2000
2000
1937
2000
2000
1937
2000
2000
2000
2000
1937
2000
2000
2000
2000
2000
2000
2000
2000
2000
1937
2000
2000
2000
2000
2000
2062
2000
2000
2000
2000
2000
2000
1937
2062
2000
1937
2062
2312
2812
3250
3625
4000
4312
4625
4875
5187
5437
5687
5875
6062
6250
6375
6500
6562
6625
6625
6687
6625
6625
6562
6562
6500
6437
6375
6375
6312
6250
6187
6187
6125
6125
6062
6062
6062
6062
6062
6000
6000
6000
6000
6000
5937
6000
6000
5937
6000
6000
6000
5937
6000
6000
6000
6000
6000
6000
6000
6000
6000
6000
6000
6000
6000
6000
6000
6000
6000
6000
6000
6000
6000
6000
5437
4812
4250
3812
3437
3000
2750
2437
2187
2000
1812
1750
1625
1625
1625
1625
1562
1625
1625
1687
1687
1750
1812
1812
1812
1875
1937
1875
1937
1937
2000
2000
2062
2062
2000
2000
2062
2062
2000
2062
2062
2062
2000
2062
2000
2062
2000
2062
2062
2000
2000
2000
2000
2000
2000
2000
2000
2000
2000
2000
2062
2000
2000
2000
2000
2000
2000
2000
2000
2000
2000
2000
2000
1812
1500
1250
1000
750
562
375
250
62
0
-62
-125
-187
-125
-187
-187
-187
-187
-125
-125
-125
-62
-62
-62
-62
0
0
-62
0
0
0
0
0
0
0
0
0
0
0
0
0
0
0
0
0
0
0
0
0
0
0
0
0
0
0
0
0
0
0
0
0
0
0
0
0
0
0
0
0
0
0
0
0
-125
-500
-812
-1125
-1312
-1562
-1750
-1875
-2000
-2125
-2187
-2250
-2250
-2312
-2312
-2250
-2187
-2187
-2187
-2187
-2125
-2125
-2062
-2062
-2062
-2000
-2062
-2000
-2000
-2000
-2000
-2000
-2000
-2000
-2000
-2000
-2000
-2000
-1937
-2000
-2000
-2000
-2000
-2000
-2000
-1937
-2000
-2000
-2000
-2000
-2000
-2000
-2000
-2000
-2062
-2000
-2000
-1937
-2062
-2000
-1937
-2062
-2000
-1937
-2000
-2062
-1937
-2000
-2062
-1937
-2000
-2062
-2000
-2062
-2750
-3437
-4062
-4625
-5125
-5562
-5812
-6062
-6250
-6375
-6437
-6500
-6500
-6500
-6437
-6375
-6312
-6312
-6250
-6250
-6187
-6125
-6125
-6125
-6000
-6062
-6000
-6000
-6000
-6000
-6000
-6000
-5937
-6000
-6000
-6000
-6000
-6000
-6000
-6000
-6000
-6000
-5937
-6000
-6000
-6000
-6000
-6000
-6000
-6000
-6000
-6000
-6000
-6000
-5937
-6000
-6000
-6000
-5937
-6000
-5937
-6000
-5937
-5875
-5812
-5812
-5812
-5812
-5875
-5937
-5937
-5937
-5937
-5687
-4875
-4250
-3625
-3187
-2625
-2375
-2062
-1875
-1750
-1625
-1625
-1562
-1625
-1625
-1625
-1625
-1687
-1750
-1812
-1812
-1875
-1875
-1875
-1937
-1937
-2000
-2000
-2000
-2000
-2000
-2062
-2000
-2000
-2000
-2000
-2000
-2062
-2000
-2062
-2062
-2000
-2000
-2000
-2000
-2000
-2000
-2000
-2000
-2000
-2000
-2062
-1937
-2062
-2000
-1937
-2062
-2000
-2000
-2000
-2000
-1937
-2062
-2000
-2000
-2000
-2000
-2000
-2000
-2000
-2000
-1937
-2062
-2000
-1625
-1312
-1000
-750
-500
-312
-187
-62
0
62
62
125
62
125
125
125
125
62
125
125
62
62
62
62
0
62
0
0
0
0
0
0
0
0
0
0
0
0
0
0
0
0
0
0
0
0
0
0
0
0
0
0
0
0
0
